{
	"version": [  0,   1], 
	"id": "", 
	"meshes": [
		{
			"attributes": [
				"POSITION", "NORMAL", "TANGENT", "BINORMAL", "TEXCOORD0", "TEXCOORD1", "BLENDWEIGHT0", "BLENDWEIGHT1", 
				"BLENDWEIGHT2", "BLENDWEIGHT3"
			], 
			"vertices": [
				 2.974588,  8.250000,  2.000001, -0.922930,  0.097718,  0.372359,  0.377469,  0.042007,  0.925069,  0.074754,  0.994328, -0.075655,  0.968750,  0.925000,  1.000000,  1.000000,  0.000000,  1.000000,  0.000000,  0.000000,  0.000000,  0.000000,  0.000000,  0.000000, 
				 5.474592,  8.250000,  4.500005, -0.404118,  0.043205,  0.913686,  0.914096, -0.016568,  0.405160,  0.032643,  0.998929, -0.032798,  0.968750,  0.925000,  1.000000,  1.000000,  0.000000,  1.000000,  0.000000,  0.000000,  0.000000,  0.000000,  0.000000,  0.000000, 
				 3.974597,  17.624998,  2.000001, -0.915411,  0.097718,  0.390479,  0.394474,  0.038228,  0.918111,  0.074789,  0.994483, -0.073542,  0.968750,  0.825000,  1.000000,  1.000000,  0.000000,  1.000000,  0.000000,  0.000000,  0.000000,  0.000000,  0.000000,  0.000000, 
				 6.474601,  17.624998,  4.500005, -0.359004,  0.037566,  0.932580,  0.932991, -0.016568,  0.359518,  0.028957,  0.999157, -0.029101,  0.968750,  0.825000,  1.000000,  1.000000,  0.000000,  1.000000,  0.000000,  0.000000,  0.000000,  0.000000,  0.000000,  0.000000, 
				 10.112085,  17.624998, -10.249994,  0.359062,  0.037566, -0.932557, -0.931977, -0.016568, -0.362139, -0.029055,  0.999152,  0.029062,  0.968750,  0.825000,  1.000000,  1.000000,  0.000000,  1.000000,  0.000000,  0.000000,  0.000000,  0.000000,  0.000000,  0.000000, 
				 12.612089,  17.624998, -7.749990,  0.915469,  0.097718, -0.390342, -0.395350,  0.038228, -0.917735, -0.074757,  0.994480,  0.073630,  0.968750,  0.825000,  1.000000,  1.000000,  0.000000,  1.000000,  0.000000,  0.000000,  0.000000,  0.000000,  0.000000,  0.000000, 
				 11.112093,  8.250000, -10.249994,  0.404176,  0.043205, -0.913660, -0.914971, -0.016568, -0.403179, -0.032557,  0.998928,  0.032835,  0.968750,  0.925000,  1.000000,  1.000000,  0.000000,  1.000000,  0.000000,  0.000000,  0.000000,  0.000000,  0.000000,  0.000000, 
				 13.612098,  8.250000, -7.749990,  0.922988,  0.097718, -0.372215, -0.376455,  0.042007, -0.925482, -0.074801,  0.994331,  0.075559,  0.968750,  0.925000,  1.000000,  1.000000,  0.000000,  1.000000,  0.000000,  0.000000,  0.000000,  0.000000,  0.000000,  0.000000, 
				 5.474592,  8.250000, -10.249994, -0.404118,  0.043205, -0.913686, -0.914971, -0.018458,  0.403097,  0.000551,  0.998895,  0.046991,  0.968750,  0.925000,  1.000000,  1.000000,  0.000000,  1.000000,  0.000000,  0.000000,  0.000000,  0.000000,  0.000000,  0.000000, 
				 6.474601,  17.624998, -10.249994, -0.359004,  0.037566, -0.932580, -0.933866, -0.014679,  0.357321, -0.000266,  0.999184,  0.040351,  0.968750,  0.825000,  1.000000,  1.000000,  0.000000,  1.000000,  0.000000,  0.000000,  0.000000,  0.000000,  0.000000,  0.000000, 
				 11.112093,  8.250000, -10.249994,  0.404176,  0.043205, -0.913660, -0.914971,  0.019333, -0.403056,  0.000250,  0.998878,  0.047345,  0.968750,  0.925000,  1.000000,  1.000000,  0.000000,  1.000000,  0.000000,  0.000000,  0.000000,  0.000000,  0.000000,  0.000000, 
				 10.112085,  17.624998, -10.249994,  0.359062,  0.037566, -0.932557, -0.933866,  0.015554, -0.357284,  0.001083,  0.999171,  0.040666,  0.968750,  0.825000,  1.000000,  1.000000,  0.000000,  1.000000,  0.000000,  0.000000,  0.000000,  0.000000,  0.000000,  0.000000, 
				 11.112093,  8.250000,  4.500005,  0.404176,  0.043205,  0.913660,  0.914096, -0.018458, -0.405078, -0.000637,  0.998896, -0.046954,  0.968750,  0.925000,  1.000000,  1.000000,  0.000000,  1.000000,  0.000000,  0.000000,  0.000000,  0.000000,  0.000000,  0.000000, 
				 10.112085,  17.624998,  4.500005,  0.359062,  0.037566,  0.932557,  0.932991, -0.014679, -0.359600,  0.000180,  0.999186, -0.040319,  0.968750,  0.825000,  1.000000,  1.000000,  0.000000,  1.000000,  0.000000,  0.000000,  0.000000,  0.000000,  0.000000,  0.000000, 
				 5.474592,  8.250000,  4.500005, -0.404118,  0.043205,  0.913686,  0.914096,  0.019333,  0.405037, -0.000165,  0.998879, -0.047307,  0.968750,  0.925000,  1.000000,  1.000000,  0.000000,  1.000000,  0.000000,  0.000000,  0.000000,  0.000000,  0.000000,  0.000000, 
				 6.474601,  17.624998,  4.500005, -0.359004,  0.037566,  0.932580,  0.932991,  0.015554,  0.359563, -0.000998,  0.999173, -0.040633,  0.968750,  0.825000,  1.000000,  1.000000,  0.000000,  1.000000,  0.000000,  0.000000,  0.000000,  0.000000,  0.000000,  0.000000, 
				 12.612089,  17.624998, -7.749990,  0.000029,  1.000000, -0.000345, -1.000000,  0.000438,  0.000000,  0.000000,  0.000345,  1.000000,  0.968750,  0.825000,  1.000000,  1.000000,  0.000000,  1.000000,  0.000000,  0.000000,  0.000000,  0.000000,  0.000000,  0.000000, 
				 10.112085,  17.624998, -10.249994,  0.000029,  1.000000, -0.000345, -1.000000,  0.000438,  0.000000,  0.000000,  0.000345,  1.000000,  0.968750,  0.825000,  1.000000,  1.000000,  0.000000,  1.000000,  0.000000,  0.000000,  0.000000,  0.000000,  0.000000,  0.000000, 
				 12.612089,  17.624998,  2.000001,  0.000029,  1.000000, -0.000345, -1.000000,  0.000438,  0.000000,  0.000000,  0.000345,  1.000000,  0.968750,  0.825000,  1.000000,  1.000000,  0.000000,  1.000000,  0.000000,  0.000000,  0.000000,  0.000000,  0.000000,  0.000000, 
				 10.112085,  17.624998,  4.500005,  0.000029,  1.000000, -0.000345, -1.000000,  0.000438,  0.000000,  0.000000,  0.000345,  1.000000,  0.968750,  0.825000,  1.000000,  1.000000,  0.000000,  1.000000,  0.000000,  0.000000,  0.000000,  0.000000,  0.000000,  0.000000, 
				 6.474601,  17.624998, -10.249994,  0.000029,  1.000000, -0.000345, -1.000000,  0.000438,  0.000000,  0.000000,  0.000345,  1.000000,  0.968750,  0.825000,  1.000000,  1.000000,  0.000000,  1.000000,  0.000000,  0.000000,  0.000000,  0.000000,  0.000000,  0.000000, 
				 6.474601,  17.624998,  4.500005,  0.000029,  1.000000, -0.000345, -1.000000,  0.000438,  0.000000,  0.000000,  0.000345,  1.000000,  0.968750,  0.825000,  1.000000,  1.000000,  0.000000,  1.000000,  0.000000,  0.000000,  0.000000,  0.000000,  0.000000,  0.000000, 
				 3.974597,  17.624998, -7.749990,  0.000029,  1.000000, -0.000345, -1.000000,  0.000438,  0.000000,  0.000000,  0.000345,  1.000000,  0.968750,  0.825000,  1.000000,  1.000000,  0.000000,  1.000000,  0.000000,  0.000000,  0.000000,  0.000000,  0.000000,  0.000000, 
				 3.974597,  17.624998,  2.000001,  0.000029,  1.000000, -0.000345, -1.000000,  0.000438,  0.000000,  0.000000,  0.000345,  1.000000,  0.968750,  0.825000,  1.000000,  1.000000,  0.000000,  1.000000,  0.000000,  0.000000,  0.000000,  0.000000,  0.000000,  0.000000, 
				 5.474592,  8.250000, -10.249994, -0.404118,  0.043205, -0.913686, -0.914971,  0.017443,  0.403142,  0.033356,  0.998913,  0.032482,  0.968750,  0.925000,  1.000000,  1.000000,  0.000000,  1.000000,  0.000000,  0.000000,  0.000000,  0.000000,  0.000000,  0.000000, 
				 2.974588,  8.250000, -7.749990, -0.922930,  0.097718, -0.372359, -0.376455, -0.041132,  0.925522,  0.075124,  0.994368,  0.074748,  0.968750,  0.925000,  1.000000,  1.000000,  0.000000,  1.000000,  0.000000,  0.000000,  0.000000,  0.000000,  0.000000,  0.000000, 
				 6.474601,  17.624998, -10.249994, -0.359004,  0.037566, -0.932580, -0.931977,  0.017443,  0.362098,  0.029870,  0.999137,  0.028748,  0.968750,  0.825000,  1.000000,  1.000000,  0.000000,  1.000000,  0.000000,  0.000000,  0.000000,  0.000000,  0.000000,  0.000000, 
				 3.974597,  17.624998, -7.749990, -0.915411,  0.097718, -0.390479, -0.395350, -0.039242,  0.917692,  0.074352,  0.994441,  0.074556,  0.968750,  0.825000,  1.000000,  1.000000,  0.000000,  1.000000,  0.000000,  0.000000,  0.000000,  0.000000,  0.000000,  0.000000, 
				 2.974588,  8.250000, -7.749990, -0.922930,  0.097718, -0.372359, -0.370786,  0.040118,  0.927851,  0.105606,  0.994408, -0.000793,  0.968750,  0.925000,  1.000000,  1.000000,  0.000000,  1.000000,  0.000000,  0.000000,  0.000000,  0.000000,  0.000000,  0.000000, 
				 2.974588,  8.250000,  2.000001, -0.922930,  0.097718,  0.372359,  0.369911, -0.039242,  0.928238,  0.105318,  0.994439,  0.000071,  0.968750,  0.925000,  1.000000,  1.000000,  0.000000,  1.000000,  0.000000,  0.000000,  0.000000,  0.000000,  0.000000,  0.000000, 
				 3.974597,  17.624998, -7.749990, -0.915411,  0.097718, -0.390479, -0.387792,  0.042007,  0.920789,  0.106381,  0.994325, -0.000560,  0.968750,  0.825000,  1.000000,  1.000000,  0.000000,  1.000000,  0.000000,  0.000000,  0.000000,  0.000000,  0.000000,  0.000000, 
				 3.974597,  17.624998,  2.000001, -0.915411,  0.097718,  0.390479,  0.388806, -0.041132,  0.920401,  0.106001,  0.994366, -0.000341,  0.968750,  0.825000,  1.000000,  1.000000,  0.000000,  1.000000,  0.000000,  0.000000,  0.000000,  0.000000,  0.000000,  0.000000, 
				 12.612089,  17.624998,  2.000001,  0.915469,  0.097718,  0.390342,  0.394474, -0.039242, -0.918069, -0.074394,  0.994444, -0.074473,  0.968750,  0.825000,  1.000000,  1.000000,  0.000000,  1.000000,  0.000000,  0.000000,  0.000000,  0.000000,  0.000000,  0.000000, 
				 10.112085,  17.624998,  4.500005,  0.359062,  0.037566,  0.932557,  0.932991,  0.017443, -0.359477, -0.029771,  0.999142, -0.028785,  0.968750,  0.825000,  1.000000,  1.000000,  0.000000,  1.000000,  0.000000,  0.000000,  0.000000,  0.000000,  0.000000,  0.000000, 
				 13.612098,  8.250000,  2.000001,  0.922988,  0.097718,  0.372215,  0.377469, -0.041132, -0.925108, -0.075090,  0.994364, -0.074850,  0.968750,  0.925000,  1.000000,  1.000000,  0.000000,  1.000000,  0.000000,  0.000000,  0.000000,  0.000000,  0.000000,  0.000000, 
				 11.112093,  8.250000,  4.500005,  0.404176,  0.043205,  0.913660,  0.914096,  0.017443, -0.405123, -0.033441,  0.998914, -0.032443,  0.968750,  0.925000,  1.000000,  1.000000,  0.000000,  1.000000,  0.000000,  0.000000,  0.000000,  0.000000,  0.000000,  0.000000, 
				 12.612089,  17.624998, -7.749990,  0.915469,  0.097718, -0.390342, -0.387792, -0.041132, -0.920829, -0.106037,  0.994362,  0.000239,  0.968750,  0.825000,  1.000000,  1.000000,  0.000000,  1.000000,  0.000000,  0.000000,  0.000000,  0.000000,  0.000000,  0.000000, 
				 12.612089,  17.624998,  2.000001,  0.915469,  0.097718,  0.390342,  0.388806,  0.042007, -0.920362, -0.106333,  0.994330,  0.000463,  0.968750,  0.825000,  1.000000,  1.000000,  0.000000,  1.000000,  0.000000,  0.000000,  0.000000,  0.000000,  0.000000,  0.000000, 
				 13.612098,  8.250000, -7.749990,  0.922988,  0.097718, -0.372215, -0.370786, -0.039242, -0.927889, -0.105278,  0.994443,  0.000012,  0.968750,  0.925000,  1.000000,  1.000000,  0.000000,  1.000000,  0.000000,  0.000000,  0.000000,  0.000000,  0.000000,  0.000000, 
				 13.612098,  8.250000,  2.000001,  0.922988,  0.097718,  0.372215,  0.369911,  0.040118, -0.928201, -0.105634,  0.994405,  0.000881,  0.968750,  0.925000,  1.000000,  1.000000,  0.000000,  1.000000,  0.000000,  0.000000,  0.000000,  0.000000,  0.000000,  0.000000, 
				 15.548126,  7.566419,  4.272614, -0.000944, -0.965926,  0.258817,  1.000000,  0.000978,  0.000000, -0.000253,  0.258817,  0.965924,  0.968750,  0.883241,  1.000000,  1.000000,  0.000000,  1.000000,  0.000000,  0.000000,  0.000000,  0.000000,  0.000000,  0.000000, 
				 12.138119,  8.449000,  7.566430, -0.000944, -0.965926,  0.258817,  1.000000,  0.000978,  0.000000, -0.000253,  0.258817,  0.965924,  0.968750,  0.874718,  1.000000,  1.000000,  0.000000,  1.000000,  0.000000,  0.000000,  0.000000,  0.000000,  0.000000,  0.000000, 
				 15.548126,  4.124397, -8.573228, -0.000944, -0.965926,  0.258817,  1.000000,  0.000978,  0.000000, -0.000253,  0.258817,  0.965924,  0.968750,  0.916478,  1.000000,  1.000000,  0.000000,  1.000000,  0.000000,  0.000000,  0.000000,  0.000000,  0.000000,  0.000000, 
				 12.138119,  3.241816, -11.867024, -0.000944, -0.965926,  0.258817,  1.000000,  0.000978,  0.000000, -0.000253,  0.258817,  0.965924,  0.968750,  0.925000,  1.000000,  1.000000,  0.000000,  1.000000,  0.000000,  0.000000,  0.000000,  0.000000,  0.000000,  0.000000, 
				 4.448569,  8.449000,  7.566430, -0.000944, -0.965926,  0.258817,  1.000000,  0.000978,  0.000000, -0.000253,  0.258817,  0.965924,  0.968750,  0.874718,  1.000000,  1.000000,  0.000000,  1.000000,  0.000000,  0.000000,  0.000000,  0.000000,  0.000000,  0.000000, 
				 4.448569,  3.241816, -11.867024, -0.000944, -0.965926,  0.258817,  1.000000,  0.000978,  0.000000, -0.000253,  0.258817,  0.965924,  0.968750,  0.925000,  1.000000,  1.000000,  0.000000,  1.000000,  0.000000,  0.000000,  0.000000,  0.000000,  0.000000,  0.000000, 
				 1.038561,  7.566419,  4.272614, -0.000944, -0.965926,  0.258817,  1.000000,  0.000978,  0.000000, -0.000253,  0.258817,  0.965924,  0.968750,  0.883241,  1.000000,  1.000000,  0.000000,  1.000000,  0.000000,  0.000000,  0.000000,  0.000000,  0.000000,  0.000000, 
				 1.038561,  4.124397, -8.573228, -0.000944, -0.965926,  0.258817,  1.000000,  0.000978,  0.000000, -0.000253,  0.258817,  0.965924,  0.968750,  0.916478,  1.000000,  1.000000,  0.000000,  1.000000,  0.000000,  0.000000,  0.000000,  0.000000,  0.000000,  0.000000, 
				 14.822641,  9.705678, -9.380328, -0.000944,  0.965926, -0.258817, -1.000000,  0.000978,  0.000000,  0.000253,  0.258817,  0.965924,  0.968750,  0.862584,  1.000000,  1.000000,  0.000000,  1.000000,  0.000000,  0.000000,  0.000000,  0.000000,  0.000000,  0.000000, 
				 11.753633,  8.911358, -12.344745, -0.000944,  0.965926, -0.258817, -1.000000,  0.000978,  0.000000,  0.000253,  0.258817,  0.965924,  0.968750,  0.870254,  1.000000,  1.000000,  0.000000,  1.000000,  0.000000,  0.000000,  0.000000,  0.000000,  0.000000,  0.000000, 
				 14.822641,  12.803510,  2.180942, -0.000944,  0.965926, -0.258817, -1.000000,  0.000978,  0.000000,  0.000253,  0.258817,  0.965924,  0.968750,  0.832670,  1.000000,  1.000000,  0.000000,  1.000000,  0.000000,  0.000000,  0.000000,  0.000000,  0.000000,  0.000000, 
				 11.753633,  13.597830,  5.145378, -0.000944,  0.965926, -0.258817, -1.000000,  0.000978,  0.000000,  0.000253,  0.258817,  0.965924,  0.968750,  0.825000,  1.000000,  1.000000,  0.000000,  1.000000,  0.000000,  0.000000,  0.000000,  0.000000,  0.000000,  0.000000, 
				 4.833054,  8.911358, -12.344745, -0.000944,  0.965926, -0.258817, -1.000000,  0.000978,  0.000000,  0.000253,  0.258817,  0.965924,  0.968750,  0.870254,  1.000000,  1.000000,  0.000000,  1.000000,  0.000000,  0.000000,  0.000000,  0.000000,  0.000000,  0.000000, 
				 4.833054,  13.597830,  5.145378, -0.000944,  0.965926, -0.258817, -1.000000,  0.000978,  0.000000,  0.000253,  0.258817,  0.965924,  0.968750,  0.825000,  1.000000,  1.000000,  0.000000,  1.000000,  0.000000,  0.000000,  0.000000,  0.000000,  0.000000,  0.000000, 
				 1.764047,  9.705678, -9.380328, -0.000944,  0.965926, -0.258817, -1.000000,  0.000978,  0.000000,  0.000253,  0.258817,  0.965924,  0.968750,  0.862584,  1.000000,  1.000000,  0.000000,  1.000000,  0.000000,  0.000000,  0.000000,  0.000000,  0.000000,  0.000000, 
				 1.764047,  12.803510,  2.180942, -0.000944,  0.965926, -0.258817, -1.000000,  0.000978,  0.000000,  0.000253,  0.258817,  0.965924,  0.968750,  0.832670,  1.000000,  1.000000,  0.000000,  1.000000,  0.000000,  0.000000,  0.000000,  0.000000,  0.000000,  0.000000, 
				 12.138119,  8.449000,  7.566430,  0.374851,  0.416396,  0.828312,  0.927664, -0.169110, -0.332929,  0.001446,  0.893194, -0.449667,  0.968750,  0.874718,  1.000000,  1.000000,  0.000000,  1.000000,  0.000000,  0.000000,  0.000000,  0.000000,  0.000000,  0.000000, 
				 11.753633,  13.597830,  5.145378,  0.376739,  0.416396,  0.827455,  0.925709, -0.169110, -0.338327, -0.000947,  0.893443, -0.449172,  0.968750,  0.825000,  1.000000,  1.000000,  0.000000,  1.000000,  0.000000,  0.000000,  0.000000,  0.000000,  0.000000,  0.000000, 
				 4.448569,  8.449000,  7.566430, -0.374851,  0.416396,  0.828312,  0.927664,  0.169110,  0.332929, -0.001446,  0.893194, -0.449667,  0.968750,  0.874718,  1.000000,  1.000000,  0.000000,  1.000000,  0.000000,  0.000000,  0.000000,  0.000000,  0.000000,  0.000000, 
				 4.833054,  13.597830,  5.145378, -0.376739,  0.416396,  0.827455,  0.925709,  0.169110,  0.338327,  0.000947,  0.893443, -0.449172,  0.968750,  0.825000,  1.000000,  1.000000,  0.000000,  1.000000,  0.000000,  0.000000,  0.000000,  0.000000,  0.000000,  0.000000, 
				 4.448569,  3.241816, -11.867024, -0.374851, -0.051931, -0.925629, -0.925709, -0.020528,  0.377680, -0.038615,  0.998437, -0.040379,  0.968750,  0.925000,  1.000000,  1.000000,  0.000000,  1.000000,  0.000000,  0.000000,  0.000000,  0.000000,  0.000000,  0.000000, 
				 1.038561,  4.124397, -8.573228, -0.905496,  0.057597, -0.420427, -0.421310, -0.022483,  0.906638,  0.042767,  0.998088,  0.044624,  0.968750,  0.916478,  1.000000,  1.000000,  0.000000,  1.000000,  0.000000,  0.000000,  0.000000,  0.000000,  0.000000,  0.000000, 
				 4.833054,  8.911358, -12.344745, -0.376739, -0.051931, -0.924862, -0.925709, -0.020528,  0.377680, -0.038599,  0.998440, -0.040340,  0.968750,  0.870254,  1.000000,  1.000000,  0.000000,  1.000000,  0.000000,  0.000000,  0.000000,  0.000000,  0.000000,  0.000000, 
				 1.764047,  9.705678, -9.380328, -0.916827,  0.063262, -0.394241, -0.395894, -0.026393,  0.917917,  0.047664,  0.997649,  0.049243,  0.968750,  0.862584,  1.000000,  1.000000,  0.000000,  1.000000,  0.000000,  0.000000,  0.000000,  0.000000,  0.000000,  0.000000, 
				 1.764047,  9.705678, -9.380328, -0.916827,  0.063262, -0.394241, -0.391984,  0.024438,  0.919647,  0.067813,  0.997694,  0.002392,  0.968750,  0.862584,  1.000000,  1.000000,  0.000000,  1.000000,  0.000000,  0.000000,  0.000000,  0.000000,  0.000000,  0.000000, 
				 1.038561,  4.124397, -8.573228, -0.905496,  0.057597, -0.420427, -0.417400,  0.024438,  0.908394,  0.062595,  0.998034,  0.001912,  0.968750,  0.916478,  1.000000,  1.000000,  0.000000,  1.000000,  0.000000,  0.000000,  0.000000,  0.000000,  0.000000,  0.000000, 
				 1.764047,  12.803510,  2.180942, -0.916827,  0.250215,  0.311160,  0.296188, -0.090909,  0.950794,  0.266190,  0.963875,  0.009237,  0.968750,  0.832670,  1.000000,  1.000000,  0.000000,  1.000000,  0.000000,  0.000000,  0.000000,  0.000000,  0.000000,  0.000000, 
				 1.038561,  7.566419,  4.272614, -0.905496,  0.259657,  0.335640,  0.317693, -0.100684,  0.942833,  0.278607,  0.960362,  0.008678,  0.968750,  0.883241,  1.000000,  1.000000,  0.000000,  1.000000,  0.000000,  0.000000,  0.000000,  0.000000,  0.000000,  0.000000, 
				 14.822641,  9.705678, -9.380328,  0.916827,  0.063262, -0.394241, -0.391984, -0.024438, -0.919647, -0.067813,  0.997694,  0.002392,  0.968750,  0.862584,  1.000000,  1.000000,  0.000000,  1.000000,  0.000000,  0.000000,  0.000000,  0.000000,  0.000000,  0.000000, 
				 14.822641,  12.803510,  2.180942,  0.916827,  0.250215,  0.311160,  0.296188,  0.090909, -0.950794, -0.266190,  0.963875,  0.009237,  0.968750,  0.832670,  1.000000,  1.000000,  0.000000,  1.000000,  0.000000,  0.000000,  0.000000,  0.000000,  0.000000,  0.000000, 
				 15.548126,  4.124397, -8.573228,  0.905496,  0.057597, -0.420427, -0.417400, -0.024438, -0.908394, -0.062595,  0.998034,  0.001912,  0.968750,  0.916478,  1.000000,  1.000000,  0.000000,  1.000000,  0.000000,  0.000000,  0.000000,  0.000000,  0.000000,  0.000000, 
				 15.548126,  7.566419,  4.272614,  0.905496,  0.259657,  0.335640,  0.317693,  0.100684, -0.942833, -0.278607,  0.960362,  0.008678,  0.968750,  0.883241,  1.000000,  1.000000,  0.000000,  1.000000,  0.000000,  0.000000,  0.000000,  0.000000,  0.000000,  0.000000, 
				 1.764047,  12.803510,  2.180942, -0.916827,  0.250215,  0.311160,  0.343109,  0.104594,  0.933454,  0.201019,  0.962578, -0.181746,  0.968750,  0.832670,  1.000000,  1.000000,  0.000000,  1.000000,  0.000000,  0.000000,  0.000000,  0.000000,  0.000000,  0.000000, 
				 1.038561,  7.566419,  4.272614, -0.905496,  0.259657,  0.335640,  0.368524,  0.098729,  0.924361,  0.206880,  0.960697, -0.185089,  0.968750,  0.883241,  1.000000,  1.000000,  0.000000,  1.000000,  0.000000,  0.000000,  0.000000,  0.000000,  0.000000,  0.000000, 
				 4.833054,  13.597830,  5.145378, -0.376739,  0.416396,  0.827455,  0.865103, -0.161290,  0.474956,  0.331230,  0.894768, -0.299461,  0.968750,  0.825000,  1.000000,  1.000000,  0.000000,  1.000000,  0.000000,  0.000000,  0.000000,  0.000000,  0.000000,  0.000000, 
				 4.448569,  8.449000,  7.566430, -0.374851,  0.416396,  0.828312,  0.865103, -0.163245,  0.474287,  0.332709,  0.894362, -0.299033,  0.968750,  0.874718,  1.000000,  1.000000,  0.000000,  1.000000,  0.000000,  0.000000,  0.000000,  0.000000,  0.000000,  0.000000, 
				 12.138119,  3.241816, -11.867024,  0.374851, -0.051931, -0.925629, -0.925709,  0.020528, -0.377680,  0.038615,  0.998437, -0.040379,  0.968750,  0.925000,  1.000000,  1.000000,  0.000000,  1.000000,  0.000000,  0.000000,  0.000000,  0.000000,  0.000000,  0.000000, 
				 11.753633,  8.911358, -12.344745,  0.376739, -0.051931, -0.924862, -0.925709,  0.020528, -0.377680,  0.038599,  0.998440, -0.040340,  0.968750,  0.870254,  1.000000,  1.000000,  0.000000,  1.000000,  0.000000,  0.000000,  0.000000,  0.000000,  0.000000,  0.000000, 
				 15.548126,  4.124397, -8.573228,  0.905496,  0.057597, -0.420427, -0.421310,  0.022483, -0.906638, -0.042767,  0.998088,  0.044624,  0.968750,  0.916478,  1.000000,  1.000000,  0.000000,  1.000000,  0.000000,  0.000000,  0.000000,  0.000000,  0.000000,  0.000000, 
				 14.822641,  9.705678, -9.380328,  0.916827,  0.063262, -0.394241, -0.395894,  0.026393, -0.917917, -0.047664,  0.997649,  0.049243,  0.968750,  0.862584,  1.000000,  1.000000,  0.000000,  1.000000,  0.000000,  0.000000,  0.000000,  0.000000,  0.000000,  0.000000, 
				 4.448569,  3.241816, -11.867024, -0.374851, -0.051931, -0.925629, -0.927664,  0.020528,  0.372852, -0.000362,  0.998437, -0.055870,  0.968750,  0.925000,  1.000000,  1.000000,  0.000000,  1.000000,  0.000000,  0.000000,  0.000000,  0.000000,  0.000000,  0.000000, 
				 4.833054,  8.911358, -12.344745, -0.376739, -0.051931, -0.924862, -0.925709,  0.020528,  0.377680, -0.000628,  0.998440, -0.055807,  0.968750,  0.870254,  1.000000,  1.000000,  0.000000,  1.000000,  0.000000,  0.000000,  0.000000,  0.000000,  0.000000,  0.000000, 
				 12.138119,  3.241816, -11.867024,  0.374851, -0.051931, -0.925629, -0.927664, -0.020528, -0.372852,  0.000362,  0.998437, -0.055870,  0.968750,  0.925000,  1.000000,  1.000000,  0.000000,  1.000000,  0.000000,  0.000000,  0.000000,  0.000000,  0.000000,  0.000000, 
				 11.753633,  8.911358, -12.344745,  0.376739, -0.051931, -0.924862, -0.925709, -0.020528, -0.377680,  0.000628,  0.998440, -0.055807,  0.968750,  0.870254,  1.000000,  1.000000,  0.000000,  1.000000,  0.000000,  0.000000,  0.000000,  0.000000,  0.000000,  0.000000, 
				 14.822641,  12.803510,  2.180942,  0.916827,  0.250215,  0.311160,  0.343109, -0.104594, -0.933454, -0.201019,  0.962578, -0.181746,  0.968750,  0.832670,  1.000000,  1.000000,  0.000000,  1.000000,  0.000000,  0.000000,  0.000000,  0.000000,  0.000000,  0.000000, 
				 11.753633,  13.597830,  5.145378,  0.376739,  0.416396,  0.827455,  0.865103,  0.161290, -0.474956, -0.331230,  0.894768, -0.299461,  0.968750,  0.825000,  1.000000,  1.000000,  0.000000,  1.000000,  0.000000,  0.000000,  0.000000,  0.000000,  0.000000,  0.000000, 
				 15.548126,  7.566419,  4.272614,  0.905496,  0.259657,  0.335640,  0.368524, -0.098729, -0.924361, -0.206880,  0.960697, -0.185089,  0.968750,  0.883241,  1.000000,  1.000000,  0.000000,  1.000000,  0.000000,  0.000000,  0.000000,  0.000000,  0.000000,  0.000000, 
				 12.138119,  8.449000,  7.566430,  0.374851,  0.416396,  0.828312,  0.865103,  0.163245, -0.474287, -0.332709,  0.894362, -0.299033,  0.968750,  0.874718,  1.000000,  1.000000,  0.000000,  1.000000,  0.000000,  0.000000,  0.000000,  0.000000,  0.000000,  0.000000, 
				-3.974596,  17.624998, -7.749990,  0.000029,  1.000000, -0.000345, -1.000000,  0.000438,  0.000000,  0.000000,  0.000345,  1.000000,  0.968750,  0.825000,  2.000000,  1.000000,  1.000000,  1.000000,  0.000000,  0.000000,  0.000000,  0.000000,  0.000000,  0.000000, 
				-6.474600,  17.624998, -10.249994,  0.000029,  1.000000, -0.000345, -1.000000,  0.000438,  0.000000,  0.000000,  0.000345,  1.000000,  0.968750,  0.825000,  2.000000,  1.000000,  1.000000,  1.000000,  0.000000,  0.000000,  0.000000,  0.000000,  0.000000,  0.000000, 
				-3.974596,  17.624998,  2.000001,  0.000029,  1.000000, -0.000345, -1.000000,  0.000438,  0.000000,  0.000000,  0.000345,  1.000000,  0.968750,  0.825000,  2.000000,  1.000000,  1.000000,  1.000000,  0.000000,  0.000000,  0.000000,  0.000000,  0.000000,  0.000000, 
				-6.474600,  17.624998,  4.500005,  0.000029,  1.000000, -0.000345, -1.000000,  0.000438,  0.000000,  0.000000,  0.000345,  1.000000,  0.968750,  0.825000,  2.000000,  1.000000,  1.000000,  1.000000,  0.000000,  0.000000,  0.000000,  0.000000,  0.000000,  0.000000, 
				-10.112084,  17.624998, -10.249994,  0.000029,  1.000000, -0.000345, -1.000000,  0.000438,  0.000000,  0.000000,  0.000345,  1.000000,  0.968750,  0.825000,  2.000000,  1.000000,  1.000000,  1.000000,  0.000000,  0.000000,  0.000000,  0.000000,  0.000000,  0.000000, 
				-10.112084,  17.624998,  4.500005,  0.000029,  1.000000, -0.000345, -1.000000,  0.000438,  0.000000,  0.000000,  0.000345,  1.000000,  0.968750,  0.825000,  2.000000,  1.000000,  1.000000,  1.000000,  0.000000,  0.000000,  0.000000,  0.000000,  0.000000,  0.000000, 
				-12.612089,  17.624998, -7.749990,  0.000029,  1.000000, -0.000345, -1.000000,  0.000438,  0.000000,  0.000000,  0.000345,  1.000000,  0.968750,  0.825000,  2.000000,  1.000000,  1.000000,  1.000000,  0.000000,  0.000000,  0.000000,  0.000000,  0.000000,  0.000000, 
				-12.612089,  17.624998,  2.000001,  0.000029,  1.000000, -0.000345, -1.000000,  0.000438,  0.000000,  0.000000,  0.000345,  1.000000,  0.968750,  0.825000,  2.000000,  1.000000,  1.000000,  1.000000,  0.000000,  0.000000,  0.000000,  0.000000,  0.000000,  0.000000, 
				-5.474592,  8.250000,  4.500005,  0.404176,  0.043205,  0.913660,  0.914096, -0.018458, -0.405078, -0.000637,  0.998896, -0.046954,  0.968750,  0.925000,  2.000000,  1.000000,  1.000000,  1.000000,  0.000000,  0.000000,  0.000000,  0.000000,  0.000000,  0.000000, 
				-6.474600,  17.624998,  4.500005,  0.359062,  0.037566,  0.932557,  0.932991, -0.014679, -0.359600,  0.000180,  0.999186, -0.040319,  0.968750,  0.825000,  2.000000,  1.000000,  1.000000,  1.000000,  0.000000,  0.000000,  0.000000,  0.000000,  0.000000,  0.000000, 
				-11.112092,  8.250000,  4.500005, -0.404118,  0.043205,  0.913686,  0.914096,  0.019333,  0.405037, -0.000165,  0.998879, -0.047307,  0.968750,  0.925000,  2.000000,  1.000000,  1.000000,  1.000000,  0.000000,  0.000000,  0.000000,  0.000000,  0.000000,  0.000000, 
				-10.112084,  17.624998,  4.500005, -0.359004,  0.037566,  0.932580,  0.932991,  0.015554,  0.359563, -0.000998,  0.999173, -0.040633,  0.968750,  0.825000,  2.000000,  1.000000,  1.000000,  1.000000,  0.000000,  0.000000,  0.000000,  0.000000,  0.000000,  0.000000, 
				-6.474600,  17.624998, -10.249994,  0.359062,  0.037566, -0.932557, -0.931977, -0.016568, -0.362139, -0.029055,  0.999152,  0.029062,  0.968750,  0.825000,  2.000000,  1.000000,  1.000000,  1.000000,  0.000000,  0.000000,  0.000000,  0.000000,  0.000000,  0.000000, 
				-3.974596,  17.624998, -7.749990,  0.915469,  0.097718, -0.390342, -0.395350,  0.038228, -0.917735, -0.074757,  0.994480,  0.073630,  0.968750,  0.825000,  2.000000,  1.000000,  1.000000,  1.000000,  0.000000,  0.000000,  0.000000,  0.000000,  0.000000,  0.000000, 
				-5.474592,  8.250000, -10.249994,  0.404176,  0.043205, -0.913660, -0.914971, -0.016568, -0.403179, -0.032557,  0.998928,  0.032835,  0.968750,  0.925000,  2.000000,  1.000000,  1.000000,  1.000000,  0.000000,  0.000000,  0.000000,  0.000000,  0.000000,  0.000000, 
				-2.974588,  8.250000, -7.749990,  0.922988,  0.097718, -0.372215, -0.376455,  0.042007, -0.925482, -0.074801,  0.994331,  0.075559,  0.968750,  0.925000,  2.000000,  1.000000,  1.000000,  1.000000,  0.000000,  0.000000,  0.000000,  0.000000,  0.000000,  0.000000, 
				-3.974596,  17.624998, -7.749990,  0.915469,  0.097718, -0.390342, -0.387792, -0.041132, -0.920829, -0.106037,  0.994362,  0.000239,  0.968750,  0.825000,  2.000000,  1.000000,  1.000000,  1.000000,  0.000000,  0.000000,  0.000000,  0.000000,  0.000000,  0.000000, 
				-3.974596,  17.624998,  2.000001,  0.915469,  0.097718,  0.390342,  0.388806,  0.042007, -0.920362, -0.106333,  0.994330,  0.000463,  0.968750,  0.825000,  2.000000,  1.000000,  1.000000,  1.000000,  0.000000,  0.000000,  0.000000,  0.000000,  0.000000,  0.000000, 
				-2.974588,  8.250000, -7.749990,  0.922988,  0.097718, -0.372215, -0.370786, -0.039242, -0.927889, -0.105278,  0.994443,  0.000012,  0.968750,  0.925000,  2.000000,  1.000000,  1.000000,  1.000000,  0.000000,  0.000000,  0.000000,  0.000000,  0.000000,  0.000000, 
				-2.974588,  8.250000,  2.000001,  0.922988,  0.097718,  0.372215,  0.369911,  0.040118, -0.928201, -0.105634,  0.994405,  0.000881,  0.968750,  0.925000,  2.000000,  1.000000,  1.000000,  1.000000,  0.000000,  0.000000,  0.000000,  0.000000,  0.000000,  0.000000, 
				-11.112092,  8.250000, -10.249994, -0.404118,  0.043205, -0.913686, -0.914971,  0.017443,  0.403142,  0.033356,  0.998913,  0.032482,  0.968750,  0.925000,  2.000000,  1.000000,  1.000000,  1.000000,  0.000000,  0.000000,  0.000000,  0.000000,  0.000000,  0.000000, 
				-13.612098,  8.250000, -7.749990, -0.922930,  0.097718, -0.372359, -0.376455, -0.041132,  0.925522,  0.075124,  0.994368,  0.074748,  0.968750,  0.925000,  2.000000,  1.000000,  1.000000,  1.000000,  0.000000,  0.000000,  0.000000,  0.000000,  0.000000,  0.000000, 
				-10.112084,  17.624998, -10.249994, -0.359004,  0.037566, -0.932580, -0.931977,  0.017443,  0.362098,  0.029870,  0.999137,  0.028748,  0.968750,  0.825000,  2.000000,  1.000000,  1.000000,  1.000000,  0.000000,  0.000000,  0.000000,  0.000000,  0.000000,  0.000000, 
				-12.612089,  17.624998, -7.749990, -0.915411,  0.097718, -0.390479, -0.395350, -0.039242,  0.917692,  0.074352,  0.994441,  0.074556,  0.968750,  0.825000,  2.000000,  1.000000,  1.000000,  1.000000,  0.000000,  0.000000,  0.000000,  0.000000,  0.000000,  0.000000, 
				-13.612098,  8.250000,  2.000001, -0.922930,  0.097718,  0.372359,  0.377469,  0.042007,  0.925069,  0.074754,  0.994328, -0.075655,  0.968750,  0.925000,  2.000000,  1.000000,  1.000000,  1.000000,  0.000000,  0.000000,  0.000000,  0.000000,  0.000000,  0.000000, 
				-11.112092,  8.250000,  4.500005, -0.404118,  0.043205,  0.913686,  0.914096, -0.016568,  0.405160,  0.032643,  0.998929, -0.032798,  0.968750,  0.925000,  2.000000,  1.000000,  1.000000,  1.000000,  0.000000,  0.000000,  0.000000,  0.000000,  0.000000,  0.000000, 
				-12.612089,  17.624998,  2.000001, -0.915411,  0.097718,  0.390479,  0.394474,  0.038228,  0.918111,  0.074789,  0.994483, -0.073542,  0.968750,  0.825000,  2.000000,  1.000000,  1.000000,  1.000000,  0.000000,  0.000000,  0.000000,  0.000000,  0.000000,  0.000000, 
				-10.112084,  17.624998,  4.500005, -0.359004,  0.037566,  0.932580,  0.932991, -0.016568,  0.359518,  0.028957,  0.999157, -0.029101,  0.968750,  0.825000,  2.000000,  1.000000,  1.000000,  1.000000,  0.000000,  0.000000,  0.000000,  0.000000,  0.000000,  0.000000, 
				-3.974596,  17.624998,  2.000001,  0.915469,  0.097718,  0.390342,  0.394474, -0.039242, -0.918069, -0.074394,  0.994444, -0.074473,  0.968750,  0.825000,  2.000000,  1.000000,  1.000000,  1.000000,  0.000000,  0.000000,  0.000000,  0.000000,  0.000000,  0.000000, 
				-6.474600,  17.624998,  4.500005,  0.359062,  0.037566,  0.932557,  0.932991,  0.017443, -0.359477, -0.029771,  0.999142, -0.028785,  0.968750,  0.825000,  2.000000,  1.000000,  1.000000,  1.000000,  0.000000,  0.000000,  0.000000,  0.000000,  0.000000,  0.000000, 
				-2.974588,  8.250000,  2.000001,  0.922988,  0.097718,  0.372215,  0.377469, -0.041132, -0.925108, -0.075090,  0.994364, -0.074850,  0.968750,  0.925000,  2.000000,  1.000000,  1.000000,  1.000000,  0.000000,  0.000000,  0.000000,  0.000000,  0.000000,  0.000000, 
				-5.474592,  8.250000,  4.500005,  0.404176,  0.043205,  0.913660,  0.914096,  0.017443, -0.405123, -0.033441,  0.998914, -0.032443,  0.968750,  0.925000,  2.000000,  1.000000,  1.000000,  1.000000,  0.000000,  0.000000,  0.000000,  0.000000,  0.000000,  0.000000, 
				-13.612098,  8.250000, -7.749990, -0.922930,  0.097718, -0.372359, -0.370786,  0.040118,  0.927851,  0.105606,  0.994408, -0.000793,  0.968750,  0.925000,  2.000000,  1.000000,  1.000000,  1.000000,  0.000000,  0.000000,  0.000000,  0.000000,  0.000000,  0.000000, 
				-13.612098,  8.250000,  2.000001, -0.922930,  0.097718,  0.372359,  0.369911, -0.039242,  0.928238,  0.105318,  0.994439,  0.000071,  0.968750,  0.925000,  2.000000,  1.000000,  1.000000,  1.000000,  0.000000,  0.000000,  0.000000,  0.000000,  0.000000,  0.000000, 
				-12.612089,  17.624998, -7.749990, -0.915411,  0.097718, -0.390479, -0.387792,  0.042007,  0.920789,  0.106381,  0.994325, -0.000560,  0.968750,  0.825000,  2.000000,  1.000000,  1.000000,  1.000000,  0.000000,  0.000000,  0.000000,  0.000000,  0.000000,  0.000000, 
				-12.612089,  17.624998,  2.000001, -0.915411,  0.097718,  0.390479,  0.388806, -0.041132,  0.920401,  0.106001,  0.994366, -0.000341,  0.968750,  0.825000,  2.000000,  1.000000,  1.000000,  1.000000,  0.000000,  0.000000,  0.000000,  0.000000,  0.000000,  0.000000, 
				-11.112092,  8.250000, -10.249994, -0.404118,  0.043205, -0.913686, -0.914971, -0.018458,  0.403097,  0.000551,  0.998895,  0.046991,  0.968750,  0.925000,  2.000000,  1.000000,  1.000000,  1.000000,  0.000000,  0.000000,  0.000000,  0.000000,  0.000000,  0.000000, 
				-10.112084,  17.624998, -10.249994, -0.359004,  0.037566, -0.932580, -0.933866, -0.014679,  0.357321, -0.000266,  0.999184,  0.040351,  0.968750,  0.825000,  2.000000,  1.000000,  1.000000,  1.000000,  0.000000,  0.000000,  0.000000,  0.000000,  0.000000,  0.000000, 
				-5.474592,  8.250000, -10.249994,  0.404176,  0.043205, -0.913660, -0.914971,  0.019333, -0.403056,  0.000250,  0.998878,  0.047345,  0.968750,  0.925000,  2.000000,  1.000000,  1.000000,  1.000000,  0.000000,  0.000000,  0.000000,  0.000000,  0.000000,  0.000000, 
				-6.474600,  17.624998, -10.249994,  0.359062,  0.037566, -0.932557, -0.933866,  0.015554, -0.357284,  0.001083,  0.999171,  0.040666,  0.968750,  0.825000,  2.000000,  1.000000,  1.000000,  1.000000,  0.000000,  0.000000,  0.000000,  0.000000,  0.000000,  0.000000, 
				-1.764045,  9.705678, -9.380328, -0.000944,  0.965926, -0.258817, -1.000000,  0.000978,  0.000000,  0.000253,  0.258817,  0.965924,  0.968750,  0.862584,  2.000000,  1.000000,  1.000000,  1.000000,  0.000000,  0.000000,  0.000000,  0.000000,  0.000000,  0.000000, 
				-4.833052,  8.911358, -12.344745, -0.000944,  0.965926, -0.258817, -1.000000,  0.000978,  0.000000,  0.000253,  0.258817,  0.965924,  0.968750,  0.870254,  2.000000,  1.000000,  1.000000,  1.000000,  0.000000,  0.000000,  0.000000,  0.000000,  0.000000,  0.000000, 
				-1.764045,  12.803510,  2.180942, -0.000944,  0.965926, -0.258817, -1.000000,  0.000978,  0.000000,  0.000253,  0.258817,  0.965924,  0.968750,  0.832670,  2.000000,  1.000000,  1.000000,  1.000000,  0.000000,  0.000000,  0.000000,  0.000000,  0.000000,  0.000000, 
				-4.833052,  13.597830,  5.145378, -0.000944,  0.965926, -0.258817, -1.000000,  0.000978,  0.000000,  0.000253,  0.258817,  0.965924,  0.968750,  0.825000,  2.000000,  1.000000,  1.000000,  1.000000,  0.000000,  0.000000,  0.000000,  0.000000,  0.000000,  0.000000, 
				-11.753632,  8.911358, -12.344745, -0.000944,  0.965926, -0.258817, -1.000000,  0.000978,  0.000000,  0.000253,  0.258817,  0.965924,  0.968750,  0.870254,  2.000000,  1.000000,  1.000000,  1.000000,  0.000000,  0.000000,  0.000000,  0.000000,  0.000000,  0.000000, 
				-11.753632,  13.597830,  5.145378, -0.000944,  0.965926, -0.258817, -1.000000,  0.000978,  0.000000,  0.000253,  0.258817,  0.965924,  0.968750,  0.825000,  2.000000,  1.000000,  1.000000,  1.000000,  0.000000,  0.000000,  0.000000,  0.000000,  0.000000,  0.000000, 
				-14.822638,  9.705678, -9.380328, -0.000944,  0.965926, -0.258817, -1.000000,  0.000978,  0.000000,  0.000253,  0.258817,  0.965924,  0.968750,  0.862584,  2.000000,  1.000000,  1.000000,  1.000000,  0.000000,  0.000000,  0.000000,  0.000000,  0.000000,  0.000000, 
				-14.822638,  12.803510,  2.180942, -0.000944,  0.965926, -0.258817, -1.000000,  0.000978,  0.000000,  0.000253,  0.258817,  0.965924,  0.968750,  0.832670,  2.000000,  1.000000,  1.000000,  1.000000,  0.000000,  0.000000,  0.000000,  0.000000,  0.000000,  0.000000, 
				-1.038559,  7.566419,  4.272614, -0.000944, -0.965926,  0.258817,  1.000000,  0.000978,  0.000000, -0.000253,  0.258817,  0.965924,  0.968750,  0.883241,  2.000000,  1.000000,  1.000000,  1.000000,  0.000000,  0.000000,  0.000000,  0.000000,  0.000000,  0.000000, 
				-4.448566,  8.449000,  7.566430, -0.000944, -0.965926,  0.258817,  1.000000,  0.000978,  0.000000, -0.000253,  0.258817,  0.965924,  0.968750,  0.874718,  2.000000,  1.000000,  1.000000,  1.000000,  0.000000,  0.000000,  0.000000,  0.000000,  0.000000,  0.000000, 
				-1.038559,  4.124397, -8.573228, -0.000944, -0.965926,  0.258817,  1.000000,  0.000978,  0.000000, -0.000253,  0.258817,  0.965924,  0.968750,  0.916478,  2.000000,  1.000000,  1.000000,  1.000000,  0.000000,  0.000000,  0.000000,  0.000000,  0.000000,  0.000000, 
				-4.448566,  3.241816, -11.867024, -0.000944, -0.965926,  0.258817,  1.000000,  0.000978,  0.000000, -0.000253,  0.258817,  0.965924,  0.968750,  0.925000,  2.000000,  1.000000,  1.000000,  1.000000,  0.000000,  0.000000,  0.000000,  0.000000,  0.000000,  0.000000, 
				-12.138117,  8.449000,  7.566430, -0.000944, -0.965926,  0.258817,  1.000000,  0.000978,  0.000000, -0.000253,  0.258817,  0.965924,  0.968750,  0.874718,  2.000000,  1.000000,  1.000000,  1.000000,  0.000000,  0.000000,  0.000000,  0.000000,  0.000000,  0.000000, 
				-12.138117,  3.241816, -11.867024, -0.000944, -0.965926,  0.258817,  1.000000,  0.000978,  0.000000, -0.000253,  0.258817,  0.965924,  0.968750,  0.925000,  2.000000,  1.000000,  1.000000,  1.000000,  0.000000,  0.000000,  0.000000,  0.000000,  0.000000,  0.000000, 
				-15.548125,  7.566419,  4.272614, -0.000944, -0.965926,  0.258817,  1.000000,  0.000978,  0.000000, -0.000253,  0.258817,  0.965924,  0.968750,  0.883241,  2.000000,  1.000000,  1.000000,  1.000000,  0.000000,  0.000000,  0.000000,  0.000000,  0.000000,  0.000000, 
				-15.548125,  4.124397, -8.573228, -0.000944, -0.965926,  0.258817,  1.000000,  0.000978,  0.000000, -0.000253,  0.258817,  0.965924,  0.968750,  0.916478,  2.000000,  1.000000,  1.000000,  1.000000,  0.000000,  0.000000,  0.000000,  0.000000,  0.000000,  0.000000, 
				-1.764045,  12.803510,  2.180942,  0.916827,  0.250215,  0.311160,  0.343109, -0.104594, -0.933454, -0.201019,  0.962578, -0.181746,  0.968750,  0.832670,  2.000000,  1.000000,  1.000000,  1.000000,  0.000000,  0.000000,  0.000000,  0.000000,  0.000000,  0.000000, 
				-4.833052,  13.597830,  5.145378,  0.376739,  0.416396,  0.827455,  0.865103,  0.161290, -0.474956, -0.331230,  0.894768, -0.299461,  0.968750,  0.825000,  2.000000,  1.000000,  1.000000,  1.000000,  0.000000,  0.000000,  0.000000,  0.000000,  0.000000,  0.000000, 
				-1.038559,  7.566419,  4.272614,  0.905496,  0.259657,  0.335640,  0.368524, -0.098729, -0.924361, -0.206880,  0.960697, -0.185089,  0.968750,  0.883241,  2.000000,  1.000000,  1.000000,  1.000000,  0.000000,  0.000000,  0.000000,  0.000000,  0.000000,  0.000000, 
